17 17
1 1 1 1 1 1 1 1 1 1 1 1 1 1 1 1 1 
1 2 0 0 0 0 0 0 0 0 0 0 0 0 0 0 1 
1 0 2 0 0 0 0 0 0 0 0 0 0 0 0 0 1 
1 0 0 2 0 0 0 0 0 0 0 0 0 0 0 0 1 
1 0 0 0 2 0 0 0 0 0 0 0 0 0 0 0 1 
1 0 0 0 0 2 0 0 0 0 0 0 0 0 0 0 1 
1 0 0 0 0 0 0 0 0 0 0 0 0 0 0 0 1 
1 0 0 0 0 0 0 0 0 0 0 0 0 0 0 0 1 
1 0 0 0 0 0 0 0 0 0 0 0 0 0 0 0 1 
1 0 0 0 0 0 0 0 0 0 0 0 0 0 0 0 1 
1 0 0 0 0 0 0 0 0 0 0 0 0 0 0 0 1 
1 0 0 0 0 0 0 0 0 0 0 2 0 0 0 0 1 
1 0 0 0 0 0 0 0 0 0 0 0 2 0 0 0 1 
1 0 0 0 0 0 0 0 0 0 0 0 0 2 0 0 1 
1 0 0 0 0 0 0 0 0 0 0 0 0 0 2 0 1 
1 0 0 0 0 0 0 0 0 0 0 0 0 0 0 2 1 
1 1 1 1 1 1 1 1 1 1 1 1 1 1 1 1 1 
(1, 8)
(2, 8);(3, 8);(4, 8);(5, 8);(6, 8);(7, 8);(8, 8);(9, 8);(10, 8);(11, 8);(13, 8);(14, 8);(15, 8);(12, 8);(8, 10);(8, 9);(8, 11);(8, 12);(8, 14);(8, 15);(8, 13);(8, 7);(8, 5);(8, 3);(8, 2);(8, 1);(8, 4);(8, 6);

('BonusLife', 50, None);('BonusMoney', 50, None);
(1, 15, 1);
(1, 15);