17 17
1 1 1 1 1 1 1 1 1 1 1 1 1 1 1 1 1 
1 0 0 1 0 1 0 0 1 0 0 0 0 0 0 0 1 
1 0 1 1 0 1 1 0 1 0 0 0 0 0 0 0 1 
1 0 0 0 0 0 0 0 1 0 1 1 1 1 1 0 1 
1 0 0 0 0 0 0 0 1 0 0 0 1 0 0 0 1 
1 0 1 1 0 1 1 0 1 0 0 0 1 0 0 0 1 
1 0 0 1 0 1 0 0 1 0 0 0 1 0 0 0 1 
1 1 1 1 1 1 0 0 1 0 0 0 1 0 0 0 1 
0 0 0 0 0 0 0 0 1 0 0 0 1 0 0 0 0 
0 0 0 0 0 0 0 0 1 0 0 0 1 0 0 0 0 
1 1 1 1 1 1 0 0 1 0 0 0 1 0 0 0 1 
1 0 0 0 0 0 0 0 1 0 0 0 1 0 0 0 1 
1 0 1 1 1 1 1 0 1 0 0 0 1 0 0 0 1 
1 0 0 0 0 0 0 0 1 0 1 1 1 1 1 0 1 
1 0 1 1 1 1 1 0 1 0 0 0 0 0 0 0 1 
1 0 0 0 0 0 0 0 1 0 0 0 0 0 0 0 1 
1 1 1 1 1 1 1 1 1 1 1 1 1 1 1 1 1 
(6, 4)
(1, 1);(1, 2);(1, 4);(1, 6);(1, 7);(1, 9);(1, 10);(1, 11);(1, 12);(1, 13);(1, 14);(1, 15);(2, 1);(2, 4);(2, 7);(2, 9);(2, 10);(2, 11);(2, 12);(2, 13);(2, 14);(2, 15);(3, 1);(3, 2);(3, 3);(3, 4);(3, 5);(3, 6);(3, 7);(3, 9);(3, 15);(4, 1);(4, 2);(4, 3);(4, 4);(4, 5);(4, 6);(4, 7);(4, 9);(4, 10);(4, 11);(4, 13);(4, 14);(4, 15);(5, 1);(5, 4);(5, 7);(5, 9);(5, 10);(5, 11);(5, 13);(5, 14);(5, 15);(6, 1);(6, 2);(6, 4);(6, 6);(6, 7);(6, 9);(6, 10);(6, 11);(6, 13);(6, 14);(6, 15);(7, 6);(7, 7);(7, 9);(7, 10);(7, 11);(7, 13);(7, 14);(7, 15);(8, 0);(8, 1);(8, 2);(8, 3);(8, 4);(8, 5);(8, 6);(8, 7);(8, 9);(8, 10);(8, 11);(8, 14);(8, 15);(8, 16);(9, 0);(9, 1);(9, 2);(9, 3);(9, 4);(9, 5);(9, 6);(9, 7);(9, 9);(9, 10);(9, 11);(9, 14);(9, 15);(9, 16);(10, 6);(10, 7);(10, 9);(10, 10);(10, 11);(10, 13);(10, 14);(10, 15);(11, 1);(11, 2);(11, 3);(11, 4);(11, 5);(11, 6);(11, 7);(11, 9);(11, 10);(11, 11);(11, 13);(11, 14);(11, 15);(12, 1);(12, 7);(12, 9);(12, 10);(12, 11);(12, 13);(12, 14);(12, 15);(13, 1);(13, 3);(13, 4);(13, 5);(13, 7);(13, 9);(13, 15);(14, 1);(14, 7);(14, 9);(14, 10);(14, 11);(14, 12);(14, 13);(14, 14);(14, 15);(15, 1);(15, 2);(15, 3);(15, 4);(15, 5);(15, 6);(15, 7);(15, 9);(15, 10);(15, 11);(15, 12);(15, 13);(15, 14);(15, 15);

('BonusLife', 25, None);('Nuke', 50, None);
(2, 8, 13);(2, 9, 13);
(13, 6);(13, 2);